object={
	name="tree_leaf_01_single_generator_1_0"
	render_pass=Map
	clamp_to_water_level=no
	generated_content=yes
	layer="tree_high_layer"
	pdxmesh="tree_leaf_01_single_a_mesh"
	count=705
	transform="613.277649 0.000000 1696.724121 0.000000 0.976418 0.000000 0.215889 0.680986 0.680986 0.680986
606.628540 0.000000 1712.260864 0.000000 0.072505 0.000000 0.997368 0.532430 0.532430 0.532430
601.336792 0.000000 1700.324463 0.000000 0.998750 0.000000 -0.049985 0.706292 0.706292 0.706292
605.499634 0.000000 1687.226929 0.000000 0.632787 0.000000 0.774325 0.622613 0.622613 0.622613
609.016052 0.000000 1695.853149 0.000000 0.675142 0.000000 -0.737688 0.721748 0.721748 0.721748
606.025330 0.000000 1703.166260 0.000000 0.172410 0.000000 0.985025 0.621847 0.621847 0.621847
598.148071 0.000000 1699.861938 0.000000 0.958887 0.000000 0.283788 0.675360 0.675360 0.675360
600.759460 0.000000 1697.264893 0.000000 0.951563 0.000000 -0.307454 0.717477 0.717477 0.717477
601.455566 0.000000 1703.074951 0.000000 0.917223 0.000000 0.398374 0.674222 0.674222 0.674222
602.880371 0.000000 1687.840576 0.000000 0.273522 0.000000 0.961866 0.598258 0.598258 0.598258
611.469788 0.000000 1694.837280 0.000000 0.529858 0.000000 -0.848086 0.813228 0.813228 0.813228
607.414673 0.000000 1710.087280 0.000000 0.883545 0.000000 0.468345 0.651447 0.651447 0.651447
613.436707 0.000000 1699.089478 0.000000 0.854426 0.000000 -0.519573 0.760152 0.760152 0.760152
614.001709 0.000000 1701.756592 0.000000 0.696354 0.000000 -0.717699 0.778340 0.778340 0.778340
610.848633 0.000000 1696.764771 0.000000 0.271136 0.000000 0.962541 0.575411 0.575411 0.575411
604.570312 0.000000 1711.907959 0.000000 0.590623 0.000000 -0.806947 0.780405 0.780405 0.780405
599.892944 0.000000 1699.127197 0.000000 0.731001 0.000000 -0.682376 0.764310 0.764310 0.764310
602.093567 0.000000 1689.638794 0.000000 0.029774 0.000000 -0.999557 0.853504 0.853504 0.853504
599.354980 0.000000 1685.290039 0.000000 0.498005 0.000000 -0.867174 0.817382 0.817382 0.817382
614.989136 0.000000 1698.577515 0.000000 0.278584 0.000000 0.960412 0.555890 0.555890 0.555890
604.358582 0.000000 1688.240723 0.000000 0.189464 0.000000 -0.981888 0.902606 0.902606 0.902606
630.625671 0.000000 1738.841919 0.000000 0.335583 0.000000 -0.942011 0.961938 0.961938 0.961938
627.149170 0.000000 1731.027344 0.000000 0.106026 0.000000 -0.994363 0.758868 0.758868 0.758868
614.803711 0.000000 1736.438354 0.000000 0.724941 0.000000 0.688811 0.567210 0.567210 0.567210
631.160278 0.000000 1751.359375 0.000000 0.503821 0.000000 0.863808 0.645330 0.645330 0.645330
626.078003 0.000000 1735.507690 0.000000 0.933025 0.000000 0.359812 0.673628 0.673628 0.673628
630.262878 0.000000 1736.600220 0.000000 0.822588 0.000000 -0.568637 0.762364 0.762364 0.762364
616.503723 0.000000 1737.550171 0.000000 0.821644 0.000000 -0.570001 0.822951 0.822951 0.822951
632.431274 0.000000 1749.766968 0.000000 0.025343 0.000000 -0.999679 0.862048 0.862048 0.862048
630.044556 0.000000 1749.625000 0.000000 0.633116 0.000000 0.774057 0.600992 0.600992 0.600992
631.889160 0.000000 1737.567383 0.000000 0.876975 0.000000 0.480536 0.648316 0.648316 0.648316
617.767334 0.000000 1736.576782 0.000000 0.778963 0.000000 0.627070 0.562599 0.562599 0.562599
631.607910 0.000000 1739.855347 0.000000 0.882542 0.000000 0.470234 0.595624 0.595624 0.595624
616.053406 0.000000 1736.410034 0.000000 0.821220 0.000000 0.570612 0.576898 0.576898 0.576898
696.615967 0.000000 1767.174316 0.000000 0.823206 0.000000 0.567743 0.693669 0.693669 0.693669
703.151733 0.000000 1759.174194 0.000000 0.563036 0.000000 0.826433 0.519805 0.519805 0.519805
676.670715 0.000000 1749.226440 0.000000 0.129257 0.000000 0.991611 0.271842 0.271842 0.271842
699.517212 0.000000 1764.343750 0.000000 0.087106 0.000000 -0.996199 1.005936 1.005936 1.005936
662.319336 0.000000 1745.999878 0.000000 0.341599 0.000000 0.939846 0.554762 0.554762 0.554762
703.293945 0.000000 1756.418579 0.000000 0.816775 0.000000 -0.576956 0.780607 0.780607 0.780607
677.117432 0.000000 1759.062500 0.000000 0.659405 0.000000 -0.751788 0.804075 0.804075 0.804075
660.143311 0.000000 1744.209717 0.000000 0.860267 0.000000 0.509844 0.607439 0.607439 0.607439
661.735291 0.000000 1744.586792 0.000000 0.999994 0.000000 -0.003389 0.700586 0.700586 0.700586
698.209778 0.000000 1764.115845 0.000000 0.999920 0.000000 -0.012668 0.702612 0.702612 0.702612
676.770264 0.000000 1748.014038 0.000000 0.101531 0.000000 0.994832 0.263549 0.263549 0.263549
687.799377 0.000000 1762.346802 0.000000 0.947603 0.000000 -0.319451 0.776711 0.776711 0.776711
698.698242 0.000000 1765.180786 0.000000 0.441322 0.000000 0.897349 0.470333 0.470333 0.470333
677.614807 0.000000 1748.853149 0.000000 0.985125 0.000000 -0.171841 0.751307 0.751307 0.751307
703.988892 0.000000 1758.653564 0.000000 0.225302 0.000000 0.974289 0.451117 0.451117 0.451117
1687.185181 0.000000 1957.825562 0.000000 0.562027 0.000000 0.827119 0.637023 0.637023 0.637023
3898.708008 0.000000 1853.356812 0.000000 0.077552 0.000000 -0.996988 0.953115 0.953115 0.953115
619.731506 0.000000 2919.375488 0.000000 0.060624 0.000000 0.998161 0.581241 0.581241 0.581241
618.347046 0.000000 2916.630859 0.000000 0.999999 0.000000 0.001517 0.699897 0.699897 0.699897
623.026733 0.000000 2907.119385 0.000000 0.968640 0.000000 0.248468 0.593807 0.593807 0.593807
621.518127 0.000000 2917.986572 0.000000 0.605290 0.000000 0.796005 0.571285 0.571285 0.571285
622.580627 0.000000 2906.222656 0.000000 0.612895 0.000000 0.790164 0.314692 0.314692 0.314692
623.573608 0.000000 2906.269531 0.000000 0.236558 0.000000 0.971617 0.136688 0.136688 0.136688
845.326111 0.000000 2935.744873 0.000000 0.778772 0.000000 0.627306 0.579128 0.579128 0.579128
836.809875 0.000000 2932.717773 0.000000 0.230190 0.000000 0.973146 0.671930 0.671930 0.671930
844.406677 0.000000 2932.186279 0.000000 0.402931 0.000000 -0.915231 0.778794 0.778794 0.778794
840.804321 0.000000 2937.943604 0.000000 0.797984 0.000000 -0.602679 0.924956 0.924956 0.924956
842.781738 0.000000 2936.368896 0.000000 0.882880 0.000000 -0.469599 0.864877 0.864877 0.864877
842.154785 0.000000 2931.091064 0.000000 0.771497 0.000000 -0.636234 0.747001 0.747001 0.747001
843.134766 0.000000 2938.846924 0.000000 0.998945 0.000000 -0.045927 0.705058 0.705058 0.705058
843.470093 0.000000 2934.226562 0.000000 0.366624 0.000000 -0.930369 1.218095 1.218095 1.218095
840.221619 0.000000 2936.033447 0.000000 0.633887 0.000000 0.773425 0.392493 0.392493 0.392493
844.413269 0.000000 2937.437500 0.000000 0.250426 0.000000 -0.968136 0.845073 0.845073 0.845073
840.831482 0.000000 2939.803955 0.000000 0.867137 0.000000 -0.498071 0.760135 0.760135 0.760135
842.441162 0.000000 2932.836426 0.000000 0.317055 0.000000 -0.948407 1.042462 1.042462 1.042462
838.977173 0.000000 2933.565674 0.000000 0.664380 0.000000 -0.747395 0.815065 0.815065 0.815065
838.717102 0.000000 2936.789551 0.000000 0.993433 0.000000 -0.114412 0.720439 0.720439 0.720439
840.943970 0.000000 2932.448242 0.000000 0.849780 0.000000 0.527138 0.538929 0.538929 0.538929
842.243652 0.000000 2937.722168 0.000000 0.992003 0.000000 -0.126211 0.742683 0.742683 0.742683
841.567505 0.000000 2935.548096 0.000000 0.606896 0.000000 -0.794782 1.109380 1.109380 1.109380
839.814209 0.000000 2934.675293 0.000000 0.849310 0.000000 -0.527894 0.845780 0.845780 0.845780
843.937744 0.000000 2935.517578 0.000000 0.984124 0.000000 0.177482 0.622670 0.622670 0.622670
841.490295 0.000000 2936.767334 0.000000 0.277477 0.000000 -0.960732 1.148493 1.148493 1.148493
840.223755 0.000000 2933.416504 0.000000 0.999338 0.000000 0.036368 0.689447 0.689447 0.689447
842.291931 0.000000 2934.503906 0.000000 0.806848 0.000000 -0.590759 0.973909 0.973909 0.973909
843.579407 0.000000 2933.081543 0.000000 0.364762 0.000000 0.931101 0.371463 0.371463 0.371463
843.319092 0.000000 2937.329102 0.000000 0.960550 0.000000 0.278109 0.604945 0.604945 0.604945
840.502930 0.000000 2936.989502 0.000000 0.790216 0.000000 -0.612828 0.929401 0.929401 0.929401
842.917480 0.000000 2935.285645 0.000000 0.995954 0.000000 -0.089863 0.738999 0.738999 0.738999
840.668335 0.000000 2935.154053 0.000000 0.642162 0.000000 -0.766569 1.089252 1.089252 1.089252
5307.910645 0.000000 316.658203 0.000000 0.792301 0.000000 -0.610131 0.867434 0.867434 0.867434
5308.251465 0.000000 304.261108 0.000000 0.917652 0.000000 0.397385 0.643580 0.643580 0.643580
5307.085938 0.000000 302.127533 0.000000 0.751010 0.000000 -0.660291 0.749154 0.749154 0.749154
5306.366211 0.000000 304.788788 0.000000 0.791205 0.000000 0.611551 0.573506 0.573506 0.573506
5308.078613 0.000000 305.946747 0.000000 0.501474 0.000000 -0.865173 0.844340 0.844340 0.844340
5306.536133 0.000000 317.731842 0.000000 0.644820 0.000000 0.764334 0.478020 0.478020 0.478020
5307.676270 0.000000 317.827515 0.000000 0.999995 0.000000 0.003094 0.699211 0.699211 0.699211
5306.830078 0.000000 316.600830 0.000000 0.765633 0.000000 0.643277 0.521711 0.521711 0.521711
5345.141113 0.000000 276.849457 0.000000 0.878870 0.000000 0.477061 0.686095 0.686095 0.686095
5312.065918 0.000000 290.103149 0.000000 0.284539 0.000000 -0.958664 0.814285 0.814285 0.814285
5351.279785 0.000000 281.521210 0.000000 0.999532 0.000000 0.030605 0.687215 0.687215 0.687215
5345.019531 0.000000 296.806091 0.000000 0.096549 0.000000 0.995328 0.398595 0.398595 0.398595
5367.006348 0.000000 313.687988 0.000000 0.448363 0.000000 0.893852 0.396583 0.396583 0.396583
5369.655273 0.000000 287.926575 0.000000 0.568363 0.000000 0.822778 0.551398 0.551398 0.551398
5338.920410 0.000000 288.187775 0.000000 0.360364 0.000000 -0.932812 0.767227 0.767227 0.767227
5331.125488 0.000000 304.275391 0.000000 0.001370 0.000000 0.999999 0.381846 0.381846 0.381846
5373.367676 0.000000 285.838928 0.000000 0.608374 0.000000 -0.793650 0.954743 0.954743 0.954743
5330.301270 0.000000 285.780212 0.000000 0.421008 0.000000 0.907057 0.310808 0.310808 0.310808
5363.860840 0.000000 306.483154 0.000000 0.131325 0.000000 -0.991339 1.052090 1.052090 1.052090
5367.640137 0.000000 299.695587 0.000000 0.642766 0.000000 0.766062 0.617644 0.617644 0.617644
5328.728516 0.000000 313.253693 0.000000 0.214536 0.000000 -0.976716 0.759181 0.759181 0.759181
5360.627441 0.000000 307.494202 0.000000 0.624465 0.000000 -0.781053 0.823749 0.823749 0.823749
5325.270020 0.000000 273.522247 0.000000 0.080907 0.000000 -0.996722 0.840592 0.840592 0.840592
5348.972168 0.000000 279.535797 0.000000 0.955386 0.000000 0.295361 0.593631 0.593631 0.593631
5334.474121 0.000000 313.012665 0.000000 0.303775 0.000000 0.952744 0.653680 0.653680 0.653680
5351.828125 0.000000 278.618988 0.000000 0.946726 0.000000 0.322040 0.633532 0.633532 0.633532
5322.748535 0.000000 274.732910 0.000000 0.685067 0.000000 -0.728480 0.799834 0.799834 0.799834
5331.476562 0.000000 312.403259 0.000000 0.324004 0.000000 0.946056 0.437615 0.437615 0.437615
5347.503906 0.000000 275.295166 0.000000 0.580288 0.000000 -0.814411 0.877962 0.877962 0.877962
5356.709961 0.000000 279.207489 0.000000 0.147213 0.000000 -0.989105 0.933768 0.933768 0.933768
5339.661621 0.000000 290.653473 0.000000 0.909652 0.000000 -0.415371 0.756892 0.756892 0.756892
5342.075195 0.000000 273.082947 0.000000 0.996412 0.000000 -0.084636 0.709626 0.709626 0.709626
5327.567871 0.000000 315.566193 0.000000 0.484827 0.000000 -0.874610 0.763258 0.763258 0.763258
5361.814453 0.000000 279.487274 0.000000 0.651634 0.000000 -0.758533 0.861011 0.861011 0.861011
5346.564453 0.000000 278.953339 0.000000 0.949488 0.000000 -0.313803 0.763592 0.763592 0.763592
5330.664551 0.000000 283.380951 0.000000 0.999945 0.000000 0.010501 0.699284 0.699284 0.699284
5337.847656 0.000000 314.040558 0.000000 0.423127 0.000000 0.906070 0.571197 0.571197 0.571197
5361.540039 0.000000 276.767151 0.000000 0.298740 0.000000 0.954335 0.589253 0.589253 0.589253
5314.381348 0.000000 290.611542 0.000000 0.704186 0.000000 0.710016 0.425429 0.425429 0.425429
5374.582031 0.000000 287.533569 0.000000 0.467018 0.000000 -0.884248 0.804276 0.804276 0.804276
5368.538574 0.000000 289.682648 0.000000 0.420388 0.000000 -0.907344 0.964253 0.964253 0.964253
5370.995117 0.000000 289.402832 0.000000 0.672039 0.000000 0.740516 0.614025 0.614025 0.614025
5358.542969 0.000000 279.711151 0.000000 0.547926 0.000000 -0.836527 0.902609 0.902609 0.902609
5346.757324 0.000000 297.624084 0.000000 0.480679 0.000000 0.876897 0.520594 0.520594 0.520594
5335.924805 0.000000 314.240936 0.000000 0.612667 0.000000 -0.790341 0.954830 0.954830 0.954830
5328.279785 0.000000 280.733032 0.000000 0.917409 0.000000 -0.397945 0.828744 0.828744 0.828744
5326.081055 0.000000 317.386078 0.000000 0.993484 0.000000 -0.113972 0.734932 0.734932 0.734932
5350.658691 0.000000 279.921967 0.000000 0.121106 0.000000 -0.992640 0.993820 0.993820 0.993820
5323.622559 0.000000 273.038300 0.000000 0.292049 0.000000 -0.956403 0.898218 0.898218 0.898218
5322.795410 0.000000 318.958008 0.000000 0.920725 0.000000 -0.390211 0.826097 0.826097 0.826097
5366.948242 0.000000 311.968353 0.000000 0.248101 0.000000 -0.968734 0.861486 0.861486 0.861486
5374.724121 0.000000 284.777985 0.000000 0.350430 0.000000 -0.936589 0.956449 0.956449 0.956449
5330.334961 0.000000 313.707031 0.000000 0.979418 0.000000 -0.201844 0.742977 0.742977 0.742977
5357.990234 0.000000 278.085083 0.000000 0.070859 0.000000 0.997486 0.453611 0.453611 0.453611
5328.950195 0.000000 319.204346 0.000000 0.326076 0.000000 0.945344 0.225944 0.225944 0.225944
5343.684570 0.000000 273.521820 0.000000 0.342517 0.000000 0.939512 0.561280 0.561280 0.561280
5350.217773 0.000000 278.326508 0.000000 0.779545 0.000000 -0.626346 0.837212 0.837212 0.837212
5349.716797 0.000000 281.221527 0.000000 0.282760 0.000000 0.959191 0.549644 0.549644 0.549644
5368.595703 0.000000 286.698242 0.000000 0.080670 0.000000 -0.996741 0.929149 0.929149 0.929149
5366.160156 0.000000 300.318268 0.000000 0.980696 0.000000 0.195540 0.672829 0.672829 0.672829
5322.009766 0.000000 272.581818 0.000000 0.927071 0.000000 0.374887 0.640232 0.640232 0.640232
5346.743164 0.000000 276.720734 0.000000 0.176933 0.000000 -0.984223 0.987242 0.987242 0.987242
5362.285645 0.000000 306.677673 0.000000 0.980802 0.000000 -0.195005 0.748018 0.748018 0.748018
5360.091309 0.000000 279.374634 0.000000 0.821476 0.000000 0.570244 0.586533 0.586533 0.586533
5344.811035 0.000000 281.123474 0.000000 0.541515 0.000000 -0.840691 0.830880 0.830880 0.830880
5341.179199 0.000000 290.490204 0.000000 0.637907 0.000000 0.770113 0.540240 0.540240 0.540240
5331.687500 0.000000 305.655609 0.000000 0.420224 0.000000 -0.907421 0.930514 0.930514 0.930514
5315.849609 0.000000 290.540527 0.000000 0.539162 0.000000 -0.842202 1.048240 1.048240 1.048240
5361.109375 0.000000 278.189056 0.000000 0.319423 0.000000 -0.947612 0.932931 0.932931 0.932931
5346.408203 0.000000 296.204834 0.000000 0.709177 0.000000 0.705030 0.568727 0.568727 0.568727
5345.101074 0.000000 278.972260 0.000000 0.904240 0.000000 -0.427024 0.834931 0.834931 0.834931
5330.439453 0.000000 302.966675 0.000000 0.997842 0.000000 0.065653 0.686222 0.686222 0.686222
5373.021973 0.000000 284.476135 0.000000 0.277417 0.000000 0.960750 0.341639 0.341639 0.341639
5331.166992 0.000000 284.693359 0.000000 0.437860 0.000000 -0.899043 1.082801 1.082801 1.082801
5368.196289 0.000000 288.069153 0.000000 0.280786 0.000000 0.959771 0.401054 0.401054 0.401054
5344.695312 0.000000 272.676147 0.000000 0.078997 0.000000 -0.996875 1.174456 1.174456 1.174456
5363.946777 0.000000 307.939941 0.000000 0.400838 0.000000 0.916149 0.416592 0.416592 0.416592
5331.730957 0.000000 313.853088 0.000000 0.240589 0.000000 0.970627 0.419222 0.419222 0.419222
5327.243652 0.000000 316.816498 0.000000 0.740536 0.000000 0.672016 0.474627 0.474627 0.474627
5335.446289 0.000000 315.439972 0.000000 0.493488 0.000000 -0.869753 0.994909 0.994909 0.994909
5329.626465 0.000000 318.162842 0.000000 0.058400 0.000000 0.998293 0.121187 0.121187 0.121187
5347.730957 0.000000 279.388184 0.000000 0.369666 0.000000 0.929165 0.462495 0.462495 0.462495
5369.861816 0.000000 289.855255 0.000000 0.917167 0.000000 0.398504 0.604731 0.604731 0.604731
5374.561035 0.000000 285.962219 0.000000 0.158119 0.000000 -0.987420 0.998580 0.998580 0.998580
5323.979004 0.000000 319.323425 0.000000 0.398598 0.000000 0.917126 0.334850 0.334850 0.334850
5367.802246 0.000000 312.830933 0.000000 0.959464 0.000000 0.281832 0.621611 0.621611 0.621611
5349.083496 0.000000 278.415497 0.000000 0.589344 0.000000 0.807882 0.366331 0.366331 0.366331
5314.769043 0.000000 291.669891 0.000000 0.129591 0.000000 0.991568 0.198920 0.198920 0.198920
5329.233887 0.000000 281.246429 0.000000 0.600546 0.000000 0.799590 0.408520 0.408520 0.408520
5334.864258 0.000000 314.115204 0.000000 0.907149 0.000000 0.420809 0.578553 0.578553 0.578553
5328.287598 0.000000 281.771973 0.000000 0.537973 0.000000 -0.842962 1.015435 1.015435 1.015435
5351.564453 0.000000 280.526337 0.000000 0.740547 0.000000 0.672005 0.392212 0.392212 0.392212
5322.279785 0.000000 319.896667 0.000000 0.264043 0.000000 0.964511 0.289938 0.289938 0.289938
5349.904785 0.000000 279.262573 0.000000 0.932718 0.000000 0.360606 0.569123 0.569123 0.569123
5350.572754 0.000000 280.881439 0.000000 0.833876 0.000000 0.551952 0.455786 0.455786 0.455786
5350.411621 0.000000 281.791473 0.000000 0.187152 0.000000 0.982331 0.122553 0.122553 0.122553
5329.779297 0.000000 319.579041 0.000000 0.822620 0.000000 0.568591 0.468533 0.468533 0.468533
5299.056641 0.000000 356.756256 0.000000 0.779604 0.000000 -0.626273 0.718923 0.718923 0.718923
5305.770508 0.000000 333.447357 0.000000 0.995305 0.000000 0.096789 0.678993 0.678993 0.678993
5293.002930 0.000000 372.377136 0.000000 0.134184 0.000000 -0.990956 0.878202 0.878202 0.878202
5307.817383 0.000000 363.731323 0.000000 0.943981 0.000000 -0.329999 0.831061 0.831061 0.831061
5304.053711 0.000000 359.518127 0.000000 0.987173 0.000000 0.159656 0.686270 0.686270 0.686270
5299.230469 0.000000 361.628326 0.000000 0.701544 0.000000 -0.712626 0.776243 0.776243 0.776243
5309.374023 0.000000 330.189667 0.000000 0.062117 0.000000 0.998069 0.523356 0.523356 0.523356
5309.141113 0.000000 336.387909 0.000000 0.818757 0.000000 -0.574140 0.889167 0.889167 0.889167
5303.647949 0.000000 363.679962 0.000000 0.884035 0.000000 -0.467420 0.727199 0.727199 0.727199
5294.991211 0.000000 375.458313 0.000000 0.613967 0.000000 0.789332 0.385217 0.385217 0.385217
5300.994141 0.000000 359.174500 0.000000 0.953324 0.000000 -0.301950 0.811498 0.811498 0.811498
5291.986816 0.000000 375.190033 0.000000 0.659268 0.000000 0.751908 0.610773 0.610773 0.610773
5305.775879 0.000000 361.807892 0.000000 0.479483 0.000000 -0.877551 0.902089 0.902089 0.902089
5301.950195 0.000000 361.681763 0.000000 0.745519 0.000000 0.666485 0.492202 0.492202 0.492202
5298.132812 0.000000 359.121948 0.000000 0.764063 0.000000 0.645141 0.578683 0.578683 0.578683
5297.185059 0.000000 376.861389 0.000000 0.014616 0.000000 -0.999893 0.789745 0.789745 0.789745
5300.603516 0.000000 363.775146 0.000000 0.725967 0.000000 0.687730 0.637711 0.637711 0.637711
5304.068359 0.000000 335.826691 0.000000 0.957843 0.000000 -0.287291 0.771294 0.771294 0.771294
5301.348145 0.000000 356.926392 0.000000 0.151057 0.000000 0.988525 0.451990 0.451990 0.451990
5295.053711 0.000000 373.153046 0.000000 0.283529 0.000000 -0.958964 0.899602 0.899602 0.899602
5311.189453 0.000000 335.282318 0.000000 0.953511 0.000000 0.301358 0.657738 0.657738 0.657738
5308.380371 0.000000 334.451538 0.000000 0.808972 0.000000 -0.587847 0.904260 0.904260 0.904260
5293.950195 0.000000 377.092072 0.000000 0.222806 0.000000 0.974863 0.438880 0.438880 0.438880
5296.615234 0.000000 374.421722 0.000000 0.858586 0.000000 -0.512670 0.778079 0.778079 0.778079
5305.844727 0.000000 363.657013 0.000000 0.423307 0.000000 -0.905986 0.955580 0.955580 0.955580
5293.562988 0.000000 374.250488 0.000000 0.395454 0.000000 -0.918486 1.070296 1.070296 1.070296
5302.764160 0.000000 358.221313 0.000000 0.064948 0.000000 0.997889 0.271063 0.271063 0.271063
5304.033203 0.000000 361.424652 0.000000 0.679866 0.000000 -0.733336 0.855373 0.855373 0.855373
5305.762207 0.000000 360.033752 0.000000 0.209256 0.000000 0.977861 0.443318 0.443318 0.443318
5310.778320 0.000000 331.317383 0.000000 0.959800 0.000000 0.280685 0.606029 0.606029 0.606029
5302.416016 0.000000 360.057587 0.000000 0.999987 0.000000 0.005041 0.698916 0.698916 0.698916
5299.516602 0.000000 359.927551 0.000000 0.922787 0.000000 0.385312 0.631566 0.631566 0.631566
5299.599609 0.000000 358.257782 0.000000 0.695310 0.000000 0.718710 0.561255 0.561255 0.561255
5305.336426 0.000000 334.950714 0.000000 0.631196 0.000000 -0.775623 0.917187 0.917187 0.917187
5295.584961 0.000000 376.843323 0.000000 0.992988 0.000000 0.118214 0.672666 0.672666 0.672666
5300.598633 0.000000 361.085083 0.000000 0.775849 0.000000 0.630919 0.505518 0.505518 0.505518
5309.762695 0.000000 334.965881 0.000000 0.709495 0.000000 -0.704710 0.954194 0.954194 0.954194
5307.056152 0.000000 362.513306 0.000000 0.255495 0.000000 -0.966810 1.211471 1.211471 1.211471
5293.488770 0.000000 375.746765 0.000000 0.916052 0.000000 -0.401060 0.831255 0.831255 0.831255
5304.713867 0.000000 362.744232 0.000000 0.995673 0.000000 -0.092927 0.720980 0.720980 0.720980
5306.836426 0.000000 364.758911 0.000000 0.429084 0.000000 -0.903265 0.914739 0.914739 0.914739
5306.909668 0.000000 361.022034 0.000000 0.767988 0.000000 -0.640464 0.938091 0.938091 0.938091
5304.437012 0.000000 332.962280 0.000000 0.116676 0.000000 0.993170 0.384949 0.384949 0.384949
5309.070801 0.000000 337.737946 0.000000 0.682535 0.000000 0.730853 0.446488 0.446488 0.446488
5308.019531 0.000000 335.708710 0.000000 0.986267 0.000000 -0.165160 0.753932 0.753932 0.753932
5304.212402 0.000000 334.440002 0.000000 0.062317 0.000000 -0.998056 1.069057 1.069057 1.069057
5301.575684 0.000000 358.126740 0.000000 0.460977 0.000000 -0.887412 1.096830 1.096830 1.096830
5294.770996 0.000000 374.324158 0.000000 0.962760 0.000000 0.270358 0.605272 0.605272 0.605272
5301.341797 0.000000 360.255402 0.000000 0.948184 0.000000 0.317722 0.607898 0.607898 0.607898
5302.110840 0.000000 359.046143 0.000000 0.608266 0.000000 0.793733 0.438809 0.438809 0.438809
5295.656250 0.000000 374.712311 0.000000 0.376217 0.000000 0.926531 0.289935 0.289935 0.289935
5306.142090 0.000000 362.728912 0.000000 0.919580 0.000000 -0.392903 0.857360 0.857360 0.857360
5292.596191 0.000000 374.478577 0.000000 0.378203 0.000000 -0.925723 1.076247 1.076247 1.076247
5308.971191 0.000000 335.466095 0.000000 0.973679 0.000000 -0.227925 0.774744 0.774744 0.774744
5310.272461 0.000000 330.456421 0.000000 0.699756 0.000000 -0.714382 0.962828 0.962828 0.962828
5300.440918 0.000000 359.915894 0.000000 0.802839 0.000000 0.596195 0.467815 0.467815 0.467815
5294.130371 0.000000 375.027832 0.000000 0.188233 0.000000 0.982124 0.221994 0.221994 0.221994
5306.753418 0.000000 363.434143 0.000000 0.996243 0.000000 -0.086598 0.733790 0.733790 0.733790
5300.071777 0.000000 359.031403 0.000000 0.941001 0.000000 0.338405 0.574513 0.574513 0.574513
5300.672852 0.000000 358.324310 0.000000 0.605347 0.000000 -0.795962 1.034634 1.034634 1.034634
5328.418457 0.000000 337.339447 0.000000 0.683379 0.000000 -0.730064 1.001783 1.001783 1.001783
5361.713867 0.000000 380.314331 0.000000 0.955507 0.000000 -0.294970 0.802561 0.802561 0.802561
5351.279785 0.000000 345.505585 0.000000 0.798417 0.000000 -0.602105 0.825338 0.825338 0.825338
5349.838379 0.000000 340.595428 0.000000 0.722538 0.000000 -0.691331 0.965462 0.965462 0.965462
5366.047852 0.000000 331.185730 0.000000 0.027070 0.000000 0.999634 0.589391 0.589391 0.589391
5347.365723 0.000000 357.062622 0.000000 0.868196 0.000000 -0.496221 0.794371 0.794371 0.794371
5365.340820 0.000000 381.988098 0.000000 0.696063 0.000000 0.717981 0.567035 0.567035 0.567035
5328.881836 0.000000 319.927643 0.000000 0.569501 0.000000 0.821991 0.330714 0.330714 0.330714
5311.472656 0.000000 332.409485 0.000000 0.895853 0.000000 0.444351 0.687930 0.687930 0.687930
5362.205078 0.000000 383.896942 0.000000 0.818968 0.000000 0.573840 0.548330 0.548330 0.548330
5359.060059 0.000000 382.123077 0.000000 0.973316 0.000000 -0.229467 0.712543 0.712543 0.712543
5348.972168 0.000000 343.520172 0.000000 0.329165 0.000000 -0.944272 0.827377 0.827377 0.827377
5334.666504 0.000000 348.456696 0.000000 0.877015 0.000000 0.480463 0.639566 0.639566 0.639566
5360.958008 0.000000 336.219391 0.000000 0.913906 0.000000 -0.405926 0.757707 0.757707 0.757707
5322.748535 0.000000 338.717285 0.000000 0.620668 0.000000 0.784073 0.559832 0.559832 0.559832
5369.768066 0.000000 361.807892 0.000000 0.480957 0.000000 0.876744 0.507570 0.507570 0.507570
5359.739746 0.000000 339.239532 0.000000 0.977606 0.000000 -0.210442 0.717045 0.717045 0.717045
5367.176270 0.000000 333.613678 0.000000 0.946024 0.000000 -0.324098 0.758834 0.758834 0.758834
5329.541504 0.000000 356.123505 0.000000 0.780831 0.000000 0.624743 0.556129 0.556129 0.556129
5332.535645 0.000000 362.278168 0.000000 0.433245 0.000000 0.901276 0.399810 0.399810 0.399810
5375.251953 0.000000 356.279999 0.000000 0.545303 0.000000 -0.838239 0.969263 0.969263 0.969263
5364.062988 0.000000 380.003479 0.000000 0.818260 0.000000 0.574849 0.598326 0.598326 0.598326
5332.541504 0.000000 349.323029 0.000000 0.540906 0.000000 -0.841083 0.951471 0.951471 0.951471
5311.423828 0.000000 329.170776 0.000000 0.984224 0.000000 -0.176929 0.711812 0.711812 0.711812
5373.837402 0.000000 357.943024 0.000000 0.270859 0.000000 -0.962619 0.799693 0.799693 0.799693
5363.157227 0.000000 381.954987 0.000000 0.779707 0.000000 0.626145 0.448146 0.448146 0.448146
5326.472656 0.000000 339.270538 0.000000 0.390529 0.000000 -0.920591 1.100616 1.100616 1.100616
5374.666992 0.000000 354.186401 0.000000 0.683869 0.000000 0.729605 0.561379 0.561379 0.561379
5348.100586 0.000000 341.570221 0.000000 0.339369 0.000000 -0.940653 1.125861 1.125861 1.125861
5332.354492 0.000000 339.784119 0.000000 0.828156 0.000000 0.560498 0.528435 0.528435 0.528435
5360.967773 0.000000 382.283112 0.000000 0.875097 0.000000 -0.483948 0.810351 0.810351 0.810351
5359.808594 0.000000 380.321808 0.000000 0.822518 0.000000 -0.568739 0.768721 0.768721 0.768721
5362.034668 0.000000 378.537964 0.000000 0.979532 0.000000 0.201290 0.662810 0.662810 0.662810
5368.025391 0.000000 361.424652 0.000000 0.818926 0.000000 -0.573899 0.810027 0.810027 0.810027
5333.749512 0.000000 338.343597 0.000000 0.703504 0.000000 0.710691 0.472064 0.472064 0.472064
5369.754395 0.000000 360.033752 0.000000 0.047460 0.000000 0.998873 0.425801 0.425801 0.425801
5321.035645 0.000000 338.761688 0.000000 0.453075 0.000000 0.891473 0.517280 0.517280 0.517280
5335.282715 0.000000 349.949097 0.000000 0.338104 0.000000 0.941109 0.552178 0.552178 0.552178
5365.567383 0.000000 333.388824 0.000000 0.088801 0.000000 0.996049 0.492824 0.492824 0.492824
5311.418945 0.000000 334.924164 0.000000 0.257539 0.000000 -0.966268 0.880902 0.880902 0.880902
5349.716797 0.000000 345.205902 0.000000 0.990286 0.000000 -0.139047 0.729254 0.729254 0.729254
5311.806641 0.000000 330.746033 0.000000 0.497216 0.000000 0.867627 0.353057 0.353057 0.353057
5352.929199 0.000000 341.430573 0.000000 0.639318 0.000000 0.768942 0.430200 0.430200 0.430200
5359.410645 0.000000 333.280640 0.000000 0.988588 0.000000 0.150647 0.646617 0.646617 0.646617
5369.254395 0.000000 358.569031 0.000000 0.749591 0.000000 0.661901 0.566004 0.566004 0.566004
5328.603516 0.000000 357.329559 0.000000 0.981330 0.000000 -0.192333 0.741263 0.741263 0.741263
5353.982422 0.000000 340.357056 0.000000 0.901831 0.000000 0.432089 0.562573 0.562573 0.562573
5365.745605 0.000000 380.530029 0.000000 0.874847 0.000000 0.484399 0.616048 0.616048 0.616048
5342.208984 0.000000 360.877869 0.000000 0.041927 0.000000 -0.999121 1.050007 1.050007 1.050007
5360.623535 0.000000 379.019318 0.000000 0.227328 0.000000 -0.973818 0.887546 0.887546 0.887546
5367.030273 0.000000 332.199066 0.000000 0.804274 0.000000 0.594259 0.586569 0.586569 0.586569
5361.030273 0.000000 338.745972 0.000000 0.670712 0.000000 -0.741718 0.898605 0.898605 0.898605
5329.295898 0.000000 336.242645 0.000000 0.263785 0.000000 0.964581 0.219217 0.219217 0.219217
5347.908691 0.000000 358.322754 0.000000 0.787703 0.000000 0.616055 0.551531 0.551531 0.551531
5333.926758 0.000000 349.712097 0.000000 0.919495 0.000000 0.393103 0.598332 0.598332 0.598332
5363.412109 0.000000 383.330933 0.000000 0.174722 0.000000 -0.984618 1.046222 1.046222 1.046222
5363.290039 0.000000 378.999023 0.000000 0.530247 0.000000 0.847843 0.514319 0.514319 0.514319
5362.933594 0.000000 380.673096 0.000000 0.832530 0.000000 -0.553980 0.918553 0.918553 0.918553
5332.705078 0.000000 363.524384 0.000000 0.885633 0.000000 -0.464386 0.829129 0.829129 0.829129
5327.837891 0.000000 338.970123 0.000000 0.999143 0.000000 0.041397 0.685816 0.685816 0.685816
5328.031738 0.000000 336.124695 0.000000 0.013856 0.000000 0.999904 0.125894 0.125894 0.125894
5348.200195 0.000000 340.357727 0.000000 0.373703 0.000000 -0.927549 1.113080 1.113080 1.113080
5362.000000 0.000000 381.566193 0.000000 0.431135 0.000000 -0.902287 1.118782 1.118782 1.118782
5374.070312 0.000000 356.765930 0.000000 0.308444 0.000000 0.951243 0.359445 0.359445 0.359445
5360.731934 0.000000 381.084381 0.000000 0.074402 0.000000 0.997228 0.187469 0.187469 0.187469
5343.852539 0.000000 361.115662 0.000000 0.977345 0.000000 0.211652 0.651176 0.651176 0.651176
5360.667480 0.000000 383.414398 0.000000 0.804033 0.000000 0.594585 0.560903 0.560903 0.560903
5374.961426 0.000000 357.617645 0.000000 0.552828 0.000000 -0.833295 0.966824 0.966824 0.966824
5327.589844 0.000000 357.857635 0.000000 0.358943 0.000000 -0.933359 0.973455 0.973455 0.973455
5361.773438 0.000000 339.627106 0.000000 0.934646 0.000000 0.355579 0.613598 0.613598 0.613598
5362.208008 0.000000 382.681091 0.000000 0.942226 0.000000 0.334979 0.615234 0.615234 0.615234
5333.558594 0.000000 348.640106 0.000000 0.995742 0.000000 -0.092179 0.723230 0.723230 0.723230
5332.746582 0.000000 338.764435 0.000000 0.693772 0.000000 -0.720195 0.931858 0.931858 0.931858
5323.489258 0.000000 319.939880 0.000000 0.678943 0.000000 0.734191 0.440649 0.440649 0.440649
5349.044922 0.000000 341.196838 0.000000 0.049089 0.000000 -0.998794 1.229196 1.229196 1.229196
5329.408691 0.000000 337.761780 0.000000 0.843446 0.000000 -0.537214 0.909124 0.909124 0.909124
5358.703613 0.000000 332.660522 0.000000 0.993767 0.000000 0.111476 0.660565 0.660565 0.660565
5302.413086 0.000000 384.658478 0.000000 0.833303 0.000000 0.552816 0.692835 0.692835 0.692835
5307.817383 0.000000 427.715698 0.000000 0.591618 0.000000 -0.806219 0.901568 0.901568 0.901568
5307.024414 0.000000 390.283783 0.000000 0.992043 0.000000 0.125902 0.669776 0.669776 0.669776
5300.879395 0.000000 414.129181 0.000000 0.920802 0.000000 0.390030 0.555760 0.555760 0.555760
5299.230469 0.000000 425.612701 0.000000 0.822651 0.000000 0.568546 0.623908 0.623908 0.623908
5298.579102 0.000000 387.355499 0.000000 0.014545 0.000000 -0.999894 0.778871 0.778871 0.778871
5309.669922 0.000000 424.051422 0.000000 0.538800 0.000000 -0.842433 1.053642 1.053642 1.053642
5297.059082 0.000000 412.289886 0.000000 0.562584 0.000000 -0.826740 0.732317 0.732317 0.732317
5303.264648 0.000000 388.460571 0.000000 0.128049 0.000000 0.991768 0.478178 0.478178 0.478178
5310.545898 0.000000 390.809204 0.000000 0.068292 0.000000 0.997665 0.629107 0.629107 0.629107
5300.275879 0.000000 417.719269 0.000000 0.831954 0.000000 0.554845 0.599267 0.599267 0.599267
5296.416504 0.000000 389.658173 0.000000 0.532067 0.000000 0.846702 0.666472 0.666472 0.666472
5309.238770 0.000000 388.063324 0.000000 0.876572 0.000000 0.481271 0.499060 0.499060 0.499060
5300.994141 0.000000 423.158875 0.000000 0.284029 0.000000 0.958816 0.556524 0.556524 0.556524
5310.979492 0.000000 427.615967 0.000000 0.813561 0.000000 -0.581479 0.859415 0.859415 0.859415
5301.082031 0.000000 386.949158 0.000000 0.809085 0.000000 -0.587692 0.783436 0.783436 0.783436
5300.603516 0.000000 427.759521 0.000000 0.464323 0.000000 -0.885666 1.055532 1.055532 1.055532
5302.503906 0.000000 429.934052 0.000000 0.961291 0.000000 0.275535 0.683414 0.683414 0.683414
5298.456543 0.000000 414.445770 0.000000 0.877847 0.000000 0.478942 0.545509 0.545509 0.545509
5305.782715 0.000000 388.203491 0.000000 0.914552 0.000000 -0.404467 0.795327 0.795327 0.795327
5301.692871 0.000000 392.928375 0.000000 0.766391 0.000000 -0.642375 0.782899 0.782899 0.782899
5303.085938 0.000000 414.033356 0.000000 0.108114 0.000000 -0.994138 0.937688 0.937688 0.937688
5309.236816 0.000000 429.378845 0.000000 0.701371 0.000000 -0.712796 0.865013 0.865013 0.865013
5301.178711 0.000000 389.215149 0.000000 0.902413 0.000000 -0.430872 0.851024 0.851024 0.851024
5308.158203 0.000000 425.582703 0.000000 0.993515 0.000000 0.113698 0.659776 0.659776 0.659776
5302.229004 0.000000 390.970215 0.000000 0.954399 0.000000 -0.298533 0.741323 0.741323 0.741323
5298.608398 0.000000 427.518707 0.000000 0.999931 0.000000 -0.011734 0.701599 0.701599 0.701599
5299.785645 0.000000 415.862579 0.000000 0.782596 0.000000 -0.622530 0.907856 0.907856 0.907856
5301.373535 0.000000 412.201630 0.000000 0.880757 0.000000 0.473568 0.579299 0.579299 0.579299
5308.706543 0.000000 390.929871 0.000000 0.965882 0.000000 -0.258982 0.753564 0.753564 0.753564
5309.967773 0.000000 426.107635 0.000000 0.981920 0.000000 0.189298 0.624782 0.624782 0.624782
5310.946289 0.000000 388.746552 0.000000 0.495708 0.000000 -0.868489 0.847097 0.847097 0.847097
5307.536133 0.000000 388.617737 0.000000 0.542495 0.000000 0.840059 0.255528 0.255528 0.255528
5302.416016 0.000000 424.041962 0.000000 0.547423 0.000000 0.836856 0.485138 0.485138 0.485138
5298.750000 0.000000 417.171326 0.000000 0.782854 0.000000 -0.622206 0.775111 0.775111 0.775111
5301.901855 0.000000 417.572205 0.000000 0.928020 0.000000 0.372530 0.634623 0.634623 0.634623
5299.374023 0.000000 413.154541 0.000000 0.910717 0.000000 -0.413030 0.775153 0.775153 0.775153
5301.361816 0.000000 415.865723 0.000000 0.998171 0.000000 -0.060454 0.721777 0.721777 0.721777
5309.445312 0.000000 389.582855 0.000000 0.033736 0.000000 -0.999431 1.315124 1.315124 1.315124
5309.387695 0.000000 427.518372 0.000000 0.298020 0.000000 -0.954560 1.200872 1.200872 1.200872
5303.435547 0.000000 389.953644 0.000000 0.733305 0.000000 0.679900 0.585024 0.585024 0.585024
5304.837402 0.000000 387.045563 0.000000 0.791171 0.000000 -0.611595 0.924258 0.924258 0.924258
5309.122070 0.000000 386.315491 0.000000 0.275050 0.000000 0.961430 0.124172 0.124172 0.124172
5307.056152 0.000000 426.497681 0.000000 0.437772 0.000000 -0.899086 0.940248 0.940248 0.940248
5298.845703 0.000000 391.302399 0.000000 0.028914 0.000000 -0.999582 1.015264 1.015264 1.015264
5307.591309 0.000000 385.292450 0.000000 0.466409 0.000000 -0.884569 1.043380 1.043380 1.043380
5306.909668 0.000000 425.006409 0.000000 0.792098 0.000000 -0.610394 0.813592 0.813592 0.813592
5303.124023 0.000000 426.405182 0.000000 0.825246 0.000000 0.564774 0.562603 0.562603 0.562603
5304.549805 0.000000 388.905212 0.000000 0.398487 0.000000 0.917174 0.434224 0.434224 0.434224
5299.902832 0.000000 389.889587 0.000000 0.744652 0.000000 0.667453 0.541639 0.541639 0.541639
5300.691895 0.000000 426.402893 0.000000 0.752123 0.000000 -0.659023 0.935137 0.935137 0.935137
5301.985840 0.000000 388.033325 0.000000 0.743836 0.000000 -0.668362 0.948172 0.948172 0.948172
5305.986816 0.000000 389.481201 0.000000 0.384578 0.000000 0.923093 0.430764 0.430764 0.430764
5298.359863 0.000000 415.787354 0.000000 0.814039 0.000000 -0.580810 0.891694 0.891694 0.891694
5306.437012 0.000000 387.035950 0.000000 0.272040 0.000000 -0.962286 1.277223 1.277223 1.277223
5308.005371 0.000000 429.214935 0.000000 0.726394 0.000000 -0.687278 0.857580 0.857580 0.857580
5301.927734 0.000000 413.365540 0.000000 0.113858 0.000000 0.993497 0.343604 0.343604 0.343604
5301.895020 0.000000 426.965027 0.000000 0.940408 0.000000 0.340048 0.586612 0.586612 0.586612
5308.162109 0.000000 389.768036 0.000000 0.014086 0.000000 0.999901 0.077010 0.077010 0.077010
5306.953125 0.000000 391.567322 0.000000 0.871124 0.000000 -0.491063 0.822896 0.822896 0.822896
5299.718262 0.000000 414.606018 0.000000 0.911428 0.000000 -0.411459 0.831169 0.831169 0.831169
5301.138672 0.000000 390.383514 0.000000 0.506766 0.000000 0.862083 0.356704 0.356704 0.356704
5301.346191 0.000000 391.768921 0.000000 0.995677 0.000000 -0.092885 0.730724 0.730724 0.730724
5309.239258 0.000000 425.142761 0.000000 0.793559 0.000000 -0.608493 0.930926 0.930926 0.930926
5308.480469 0.000000 426.693756 0.000000 0.935263 0.000000 -0.353954 0.842893 0.842893 0.842893
5300.849121 0.000000 388.085602 0.000000 0.389931 0.000000 0.920844 0.303252 0.303252 0.303252
5300.369141 0.000000 412.686005 0.000000 0.524847 0.000000 0.851197 0.450870 0.450870 0.450870
5308.179199 0.000000 387.678589 0.000000 0.707691 0.000000 0.706522 0.350368 0.350368 0.350368
5301.341797 0.000000 424.239777 0.000000 0.857758 0.000000 0.514054 0.528278 0.528278 0.528278
5306.803223 0.000000 385.980530 0.000000 0.912032 0.000000 -0.410119 0.833669 0.833669 0.833669
5300.668945 0.000000 415.133789 0.000000 0.469532 0.000000 0.882915 0.310465 0.310465 0.310465
5308.562988 0.000000 388.836945 0.000000 0.637966 0.000000 0.770065 0.348250 0.348250 0.348250
5307.202148 0.000000 387.664215 0.000000 0.595649 0.000000 0.803245 0.284347 0.284347 0.284347
5309.631348 0.000000 387.134247 0.000000 0.916545 0.000000 0.399932 0.516647 0.516647 0.516647
5306.650879 0.000000 384.974091 0.000000 0.894643 0.000000 -0.446783 0.846505 0.846505 0.846505
5308.747559 0.000000 424.263519 0.000000 0.986228 0.000000 0.165394 0.641344 0.641344 0.641344
5306.605957 0.000000 388.776001 0.000000 0.257420 0.000000 0.966300 0.116021 0.116021 0.116021
5307.251953 0.000000 389.459290 0.000000 0.969791 0.000000 -0.243938 0.809815 0.809815 0.809815
5308.501465 0.000000 386.884003 0.000000 0.790833 0.000000 0.612032 0.406493 0.406493 0.406493
5311.724609 0.000000 387.199371 0.000000 0.997390 0.000000 0.072207 0.695580 0.695580 0.695580
5338.321777 0.000000 425.711731 0.000000 0.313514 0.000000 0.949584 0.474656 0.474656 0.474656
5346.874512 0.000000 395.051147 0.000000 0.785642 0.000000 -0.618681 0.842221 0.842221 0.842221
5358.901855 0.000000 385.334381 0.000000 0.278990 0.000000 0.960294 0.690996 0.690996 0.690996
5311.386230 0.000000 422.707428 0.000000 0.934578 0.000000 -0.355758 0.707628 0.707628 0.707628
5331.125488 0.000000 432.244141 0.000000 0.859799 0.000000 0.510633 0.655045 0.655045 0.655045
5341.447754 0.000000 423.478821 0.000000 0.780983 0.000000 -0.624552 0.921623 0.921623 0.921623
5350.226074 0.000000 392.766541 0.000000 0.424627 0.000000 0.905368 0.610959 0.610959 0.610959
5311.376465 0.000000 390.590118 0.000000 0.813163 0.000000 -0.582036 0.729313 0.729313 0.729313
5346.550293 0.000000 391.792572 0.000000 0.797861 0.000000 0.602842 0.545082 0.545082 0.545082
5363.292480 0.000000 384.342957 0.000000 0.068777 0.000000 0.997632 0.613381 0.613381 0.613381
5311.560547 0.000000 425.179993 0.000000 0.106333 0.000000 0.994331 0.479933 0.479933 0.479933
5344.910156 0.000000 393.716614 0.000000 0.469459 0.000000 -0.882955 0.919367 0.919367 0.919367
5340.867676 0.000000 425.828857 0.000000 0.473111 0.000000 -0.881003 1.095610 1.095610 1.095610
5329.297852 0.000000 438.855408 0.000000 0.963059 0.000000 0.269290 0.646157 0.646157 0.646157
5349.345703 0.000000 395.043091 0.000000 0.995392 0.000000 0.095887 0.689259 0.689259 0.689259
5339.117188 0.000000 423.368378 0.000000 0.755099 0.000000 -0.655611 0.791214 0.791214 0.791214
5311.460449 0.000000 427.899994 0.000000 0.539612 0.000000 -0.841914 0.957106 0.957106 0.957106
5348.090332 0.000000 393.256775 0.000000 0.817931 0.000000 0.575317 0.500747 0.500747 0.500747
5331.387207 0.000000 437.054840 0.000000 0.835169 0.000000 0.549994 0.579909 0.579909 0.579909
5351.925781 0.000000 393.878265 0.000000 0.934677 0.000000 0.355499 0.671418 0.671418 0.671418
5330.317871 0.000000 434.273376 0.000000 0.576396 0.000000 0.817170 0.422525 0.422525 0.422525
5343.330078 0.000000 423.812653 0.000000 0.312108 0.000000 0.950046 0.487532 0.487532 0.487532
5348.916504 0.000000 391.552124 0.000000 0.919766 0.000000 0.392467 0.645729 0.645729 0.645729
5328.316895 0.000000 437.555511 0.000000 0.984441 0.000000 -0.175713 0.768526 0.768526 0.768526
5328.480469 0.000000 435.034027 0.000000 0.833113 0.000000 0.553103 0.451112 0.451112 0.451112
5346.421387 0.000000 393.551605 0.000000 0.798291 0.000000 0.602272 0.445854 0.445854 0.445854
5340.000977 0.000000 424.618195 0.000000 0.948146 0.000000 -0.317834 0.818702 0.818702 0.818702
5340.925293 0.000000 422.036835 0.000000 0.848675 0.000000 -0.528914 0.883105 0.883105 0.883105
5329.776367 0.000000 432.846100 0.000000 0.034945 0.000000 -0.999389 1.148231 1.148231 1.148231
5342.208984 0.000000 424.862244 0.000000 0.991889 0.000000 -0.127108 0.728733 0.728733 0.728733
5330.790039 0.000000 435.711395 0.000000 0.383102 0.000000 -0.923706 1.041633 1.041633 1.041633
5347.678711 0.000000 390.793732 0.000000 0.781906 0.000000 -0.623396 0.861148 0.861148 0.861148
5340.819824 0.000000 427.295776 0.000000 0.031384 0.000000 0.999507 0.444427 0.444427 0.444427
5338.075684 0.000000 424.332397 0.000000 0.058912 0.000000 0.998263 0.427865 0.427865 0.427865
5330.063965 0.000000 437.659973 0.000000 0.653527 0.000000 -0.756903 0.877048 0.877048 0.877048
5311.990234 0.000000 426.438873 0.000000 0.534849 0.000000 0.844947 0.441444 0.441444 0.441444
5349.353027 0.000000 393.772400 0.000000 0.308008 0.000000 -0.951384 1.108816 1.108816 1.108816
5345.431152 0.000000 392.581787 0.000000 0.789496 0.000000 -0.613756 0.833959 0.833959 0.833959
5328.073242 0.000000 436.324005 0.000000 0.434258 0.000000 -0.900789 1.135133 1.135133 1.135133
5347.773926 0.000000 392.029816 0.000000 0.190184 0.000000 0.981748 0.157593 0.157593 0.157593
5326.017578 0.000000 434.632843 0.000000 0.645745 0.000000 -0.763553 0.927745 0.927745 0.927745
5343.852539 0.000000 425.100037 0.000000 0.427185 0.000000 -0.904164 0.954614 0.954614 0.954614
5340.272949 0.000000 423.155243 0.000000 0.083183 0.000000 -0.996534 1.188717 1.188717 1.188717
5326.936523 0.000000 436.817535 0.000000 0.210957 0.000000 0.977495 0.370064 0.370064 0.370064
5328.641113 0.000000 432.337036 0.000000 0.844251 0.000000 -0.535948 0.865077 0.865077 0.865077
5329.633789 0.000000 435.208191 0.000000 0.728211 0.000000 0.685353 0.379342 0.379342 0.379342
5341.097656 0.000000 424.722717 0.000000 0.289076 0.000000 -0.957306 1.168846 1.168846 1.168846
5349.101562 0.000000 392.696777 0.000000 0.994340 0.000000 0.106241 0.665401 0.665401 0.665401
5329.249512 0.000000 434.072815 0.000000 0.945707 0.000000 -0.325019 0.840577 0.840577 0.840577
5327.484863 0.000000 434.635712 0.000000 0.512887 0.000000 0.858456 0.429408 0.429408 0.429408
5341.934570 0.000000 422.581024 0.000000 0.480796 0.000000 -0.876833 1.051292 1.051292 1.051292
5331.189941 0.000000 434.755310 0.000000 0.055649 0.000000 0.998450 0.260466 0.260466 0.260466
5347.041016 0.000000 392.746735 0.000000 0.810301 0.000000 -0.586014 0.946199 0.946199 0.946199
5329.213379 0.000000 437.263855 0.000000 0.999508 0.000000 0.031369 0.687828 0.687828 0.687828
5402.313965 0.000000 297.742981 0.000000 0.306464 0.000000 0.951882 0.664788 0.664788 0.664788
5380.597168 0.000000 293.969666 0.000000 0.545806 0.000000 -0.837912 0.720834 0.720834 0.720834
5383.510742 0.000000 290.120850 0.000000 0.999895 0.000000 0.014482 0.697089 0.697089 0.697089
5387.950195 0.000000 285.571289 0.000000 0.208357 0.000000 -0.978053 0.797510 0.797510 0.797510
5406.070801 0.000000 300.131531 0.000000 0.220567 0.000000 0.975372 0.473781 0.473781 0.473781
5394.096680 0.000000 298.296143 0.000000 0.762876 0.000000 0.646544 0.578365 0.578365 0.578365
5379.760742 0.000000 288.954559 0.000000 0.966255 0.000000 0.257588 0.688618 0.688618 0.688618
5380.612793 0.000000 297.611694 0.000000 0.627785 0.000000 -0.778387 0.782627 0.782627 0.782627
5383.781738 0.000000 295.863098 0.000000 0.587954 0.000000 0.808894 0.660479 0.660479 0.660479
5375.418945 0.000000 287.012909 0.000000 0.383574 0.000000 -0.923510 0.813143 0.813143 0.813143
5383.346191 0.000000 282.059204 0.000000 0.873876 0.000000 -0.486149 0.833081 0.833081 0.833081
5378.152344 0.000000 295.879730 0.000000 0.993425 0.000000 0.114485 0.685964 0.685964 0.685964
5380.790527 0.000000 284.042419 0.000000 0.983200 0.000000 -0.182529 0.732399 0.732399 0.732399
5383.358398 0.000000 293.030823 0.000000 0.988840 0.000000 -0.148985 0.751483 0.751483 0.751483
5388.513672 0.000000 291.540436 0.000000 0.192892 0.000000 -0.981220 0.796235 0.796235 0.796235
5385.861328 0.000000 283.774139 0.000000 0.922749 0.000000 0.385402 0.634315 0.634315 0.634315
5381.273438 0.000000 286.674652 0.000000 0.249401 0.000000 -0.968400 1.029558 1.029558 1.029558
5404.520508 0.000000 302.241058 0.000000 0.788868 0.000000 0.614562 0.637543 0.637543 0.637543
5403.520996 0.000000 299.938629 0.000000 0.588590 0.000000 0.808432 0.530532 0.530532 0.530532
5396.527832 0.000000 298.293793 0.000000 0.671800 0.000000 0.740732 0.634401 0.634401 0.634401
5404.859863 0.000000 297.860107 0.000000 0.809183 0.000000 -0.587557 0.805365 0.805365 0.805365
5384.936523 0.000000 301.336670 0.000000 0.971749 0.000000 0.236015 0.666689 0.666689 0.666689
5392.968262 0.000000 303.246826 0.000000 0.991534 0.000000 -0.129847 0.711833 0.711833 0.711833
5407.154297 0.000000 298.159119 0.000000 0.440876 0.000000 0.897568 0.439076 0.439076 0.439076
5384.841797 0.000000 297.680481 0.000000 0.907237 0.000000 0.420620 0.610476 0.610476 0.610476
5385.949707 0.000000 295.711884 0.000000 0.648064 0.000000 -0.761586 0.884584 0.884584 0.884584
5379.415039 0.000000 287.070862 0.000000 0.019433 0.000000 -0.999811 0.832846 0.832846 0.832846
5381.639160 0.000000 289.502319 0.000000 0.565875 0.000000 0.824491 0.533994 0.533994 0.533994
5384.788086 0.000000 294.225037 0.000000 0.774113 0.000000 -0.633047 0.846149 0.846149 0.846149
5395.411621 0.000000 299.750031 0.000000 0.719520 0.000000 -0.694471 0.832818 0.832818 0.832818
5385.584961 0.000000 285.577515 0.000000 0.180688 0.000000 0.983540 0.289738 0.289738 0.289738
5389.326172 0.000000 293.092957 0.000000 0.886461 0.000000 -0.462803 0.775677 0.775677 0.775677
5382.510742 0.000000 283.620575 0.000000 0.862226 0.000000 0.506524 0.560766 0.560766 0.560766
5379.911621 0.000000 295.673553 0.000000 0.591597 0.000000 -0.806234 0.814717 0.814717 0.814717
5378.797852 0.000000 294.068268 0.000000 0.689622 0.000000 0.724169 0.600933 0.600933 0.600933
5387.589844 0.000000 295.873901 0.000000 0.223691 0.000000 -0.974660 1.076135 1.076135 1.076135
5380.064941 0.000000 285.546295 0.000000 0.642159 0.000000 -0.766571 0.854175 0.854175 0.854175
5384.133301 0.000000 283.530304 0.000000 0.401707 0.000000 0.915768 0.507845 0.507845 0.507845
5403.013672 0.000000 301.504211 0.000000 0.946845 0.000000 -0.321691 0.739493 0.739493 0.739493
5385.326172 0.000000 282.275238 0.000000 0.785398 0.000000 -0.618991 0.810812 0.810812 0.810812
5387.174805 0.000000 290.729218 0.000000 0.954965 0.000000 -0.296718 0.749488 0.749488 0.749488
5381.932617 0.000000 285.239349 0.000000 0.367131 0.000000 -0.930169 0.910902 0.910902 0.910902
5387.053223 0.000000 292.257599 0.000000 0.924001 0.000000 0.382390 0.561485 0.561485 0.561485
5379.070801 0.000000 297.122070 0.000000 0.875895 0.000000 0.482502 0.619047 0.619047 0.619047
5382.636719 0.000000 291.333496 0.000000 0.537770 0.000000 -0.843092 0.901576 0.901576 0.901576
5392.813965 0.000000 286.273346 0.000000 0.034236 0.000000 -0.999414 0.904079 0.904079 0.904079
5391.711914 0.000000 287.590759 0.000000 0.814273 0.000000 0.580483 0.583110 0.583110 0.583110
5382.763672 0.000000 286.604706 0.000000 0.162730 0.000000 -0.986671 0.953323 0.953323 0.953323
5392.100586 0.000000 291.584778 0.000000 0.995053 0.000000 -0.099345 0.715999 0.715999 0.715999
5385.335449 0.000000 292.824799 0.000000 0.864262 0.000000 0.503042 0.538794 0.538794 0.538794
5393.150879 0.000000 301.783539 0.000000 0.534407 0.000000 -0.845227 0.875980 0.875980 0.875980
5380.949707 0.000000 288.077148 0.000000 0.644190 0.000000 -0.764865 0.849141 0.849141 0.849141
5404.718262 0.000000 300.741333 0.000000 0.915195 0.000000 -0.403011 0.833382 0.833382 0.833382
5395.937012 0.000000 301.064636 0.000000 0.957261 0.000000 0.289224 0.593344 0.593344 0.593344
5404.812012 0.000000 299.327026 0.000000 0.383092 0.000000 0.923710 0.267810 0.267810 0.267810
5394.431641 0.000000 302.966675 0.000000 0.995783 0.000000 0.091743 0.673669 0.673669 0.673669
5396.686035 0.000000 303.907288 0.000000 0.839985 0.000000 -0.542609 0.797224 0.797224 0.797224
5407.853516 0.000000 299.393036 0.000000 0.682501 0.000000 -0.730885 0.891935 0.891935 0.891935
5403.587891 0.000000 298.385498 0.000000 0.011349 0.000000 -0.999936 0.980702 0.980702 0.980702
5405.822266 0.000000 301.521179 0.000000 0.982677 0.000000 0.185328 0.640060 0.640060 0.640060
5390.480957 0.000000 287.108032 0.000000 0.999917 0.000000 0.012915 0.697562 0.697562 0.697562
5392.273438 0.000000 288.951935 0.000000 0.129303 0.000000 0.991605 0.213930 0.213930 0.213930
5388.025391 0.000000 288.144958 0.000000 0.858356 0.000000 0.513054 0.606792 0.606792 0.606792
5405.954590 0.000000 298.686584 0.000000 0.751888 0.000000 0.659291 0.435811 0.435811 0.435811
5384.705078 0.000000 284.663757 0.000000 0.914902 0.000000 0.403677 0.577276 0.577276 0.577276
5384.890625 0.000000 296.439880 0.000000 0.348854 0.000000 0.937177 0.449563 0.449563 0.449563
5393.568359 0.000000 289.284943 0.000000 0.580397 0.000000 -0.814333 1.020952 1.020952 1.020952
5391.504883 0.000000 290.025024 0.000000 0.344394 0.000000 -0.938825 0.964202 0.964202 0.964202
5390.158203 0.000000 289.774323 0.000000 0.904463 0.000000 0.426551 0.534425 0.534425 0.534425
5387.361816 0.000000 294.732330 0.000000 0.926089 0.000000 -0.377305 0.808178 0.808178 0.808178
5385.887207 0.000000 294.550842 0.000000 0.981380 0.000000 -0.192076 0.741208 0.741208 0.741208
5395.639160 0.000000 303.243408 0.000000 0.926120 0.000000 -0.377229 0.810859 0.810859 0.810859
5395.504395 0.000000 302.039185 0.000000 0.363731 0.000000 -0.931504 1.043502 1.043502 1.043502
5382.301270 0.000000 282.360168 0.000000 0.598914 0.000000 0.800813 0.456565 0.456565 0.456565
5397.140137 0.000000 301.612213 0.000000 0.883594 0.000000 -0.468254 0.831150 0.831150 0.831150
5384.376465 0.000000 293.254242 0.000000 0.908352 0.000000 -0.418206 0.831955 0.831955 0.831955
5394.209961 0.000000 300.575653 0.000000 0.253775 0.000000 -0.967263 1.177714 1.177714 1.177714
5384.586914 0.000000 285.713226 0.000000 0.839083 0.000000 0.544004 0.530119 0.530119 0.530119
5383.431152 0.000000 284.269775 0.000000 0.760307 0.000000 -0.649564 0.959468 0.959468 0.959468
5382.539551 0.000000 292.354309 0.000000 0.697323 0.000000 -0.716757 0.975123 0.975123 0.975123
5386.282227 0.000000 292.833405 0.000000 0.267767 0.000000 0.963484 0.241183 0.241183 0.241183
5404.027344 0.000000 301.424255 0.000000 0.998669 0.000000 0.051583 0.683406 0.683406 0.683406
5386.945312 0.000000 298.520508 0.000000 0.244904 0.000000 0.969547 0.253647 0.253647 0.253647
5382.423340 0.000000 293.268646 0.000000 0.187671 0.000000 -0.982232 1.175789 1.175789 1.175789
5387.413574 0.000000 293.140381 0.000000 0.804874 0.000000 0.593446 0.475720 0.475720 0.475720
5382.619629 0.000000 284.641296 0.000000 0.032926 0.000000 0.999458 0.135615 0.135615 0.135615
5396.918457 0.000000 320.275909 0.000000 0.840986 0.000000 0.541057 0.674024 0.674024 0.674024
5376.058105 0.000000 354.087524 0.000000 0.433603 0.000000 0.901104 0.354806 0.354806 0.354806
5382.132324 0.000000 324.609344 0.000000 0.957081 0.000000 0.289822 0.663516 0.663516 0.663516
5391.937012 0.000000 323.676605 0.000000 0.882851 0.000000 -0.469653 0.801672 0.801672 0.801672
5398.825684 0.000000 325.224854 0.000000 0.376142 0.000000 0.926562 0.300262 0.300262 0.300262
5387.447266 0.000000 325.528198 0.000000 0.990278 0.000000 0.139099 0.685367 0.685367 0.685367
5379.513184 0.000000 321.175507 0.000000 0.985333 0.000000 0.170640 0.681720 0.681720 0.681720
5400.802246 0.000000 321.584412 0.000000 0.996523 0.000000 0.083317 0.697813 0.697813 0.697813
5391.386230 0.000000 327.477814 0.000000 0.318451 0.000000 0.947939 0.438554 0.438554 0.438554
5381.231934 0.000000 327.817261 0.000000 0.910504 0.000000 0.413501 0.667966 0.667966 0.667966
5398.404785 0.000000 322.636932 0.000000 0.989781 0.000000 -0.142599 0.752262 0.752262 0.752262
5406.067383 0.000000 337.067322 0.000000 0.802075 0.000000 -0.597224 0.744741 0.744741 0.744741
5389.892090 0.000000 325.183411 0.000000 0.755835 0.000000 0.654762 0.451739 0.451739 0.451739
5379.877441 0.000000 323.705078 0.000000 0.911493 0.000000 -0.411315 0.820749 0.820749 0.820749
5396.549805 0.000000 325.789246 0.000000 0.318036 0.000000 -0.948079 0.915768 0.915768 0.915768
5407.279785 0.000000 339.184570 0.000000 0.952483 0.000000 0.304593 0.605884 0.605884 0.605884
5399.193359 0.000000 320.078400 0.000000 0.606063 0.000000 -0.795416 0.846259 0.846259 0.846259
5377.909668 0.000000 322.840820 0.000000 0.878910 0.000000 -0.476988 0.770384 0.770384 0.770384
5400.353516 0.000000 323.706787 0.000000 0.597242 0.000000 0.802061 0.537346 0.537346 0.537346
5375.380859 0.000000 356.568695 0.000000 0.983122 0.000000 0.182953 0.650162 0.650162 0.650162
5392.649902 0.000000 348.391510 0.000000 0.507185 0.000000 -0.861837 1.064922 1.064922 1.064922
5389.361816 0.000000 327.134399 0.000000 0.681819 0.000000 -0.731521 0.814718 0.814718 0.814718
5382.643066 0.000000 326.470276 0.000000 0.964915 0.000000 0.262561 0.646142 0.646142 0.646142
5402.823242 0.000000 339.381042 0.000000 0.873851 0.000000 -0.486195 0.835757 0.835757 0.835757
5392.241699 0.000000 325.515320 0.000000 0.736628 0.000000 0.676299 0.559819 0.559819 0.559819
5393.804688 0.000000 324.033386 0.000000 0.568607 0.000000 -0.822609 0.882319 0.882319 0.882319
5390.126465 0.000000 323.336853 0.000000 0.914942 0.000000 -0.403586 0.786394 0.786394 0.786394
5400.690430 0.000000 325.467224 0.000000 0.999911 0.000000 0.013350 0.698180 0.698180 0.698180
5397.400879 0.000000 324.268890 0.000000 0.694007 0.000000 0.719968 0.560941 0.560941 0.560941
5383.844727 0.000000 325.180420 0.000000 0.420927 0.000000 0.907094 0.559006 0.559006 0.559006
5388.509277 0.000000 324.339844 0.000000 0.074430 0.000000 -0.997226 1.220366 1.220366 1.220366
5383.524902 0.000000 327.929108 0.000000 0.999878 0.000000 -0.015620 0.703167 0.703167 0.703167
5376.594727 0.000000 355.533264 0.000000 0.902571 0.000000 0.430541 0.563101 0.563101 0.563101
5402.087891 0.000000 338.057800 0.000000 0.996128 0.000000 -0.087909 0.723536 0.723536 0.723536
5381.279297 0.000000 329.330994 0.000000 0.634766 0.000000 -0.772704 1.062670 1.062670 1.062670
5398.287598 0.000000 321.219055 0.000000 0.573511 0.000000 0.819198 0.547329 0.547329 0.547329
5397.013184 0.000000 322.902496 0.000000 0.547816 0.000000 0.836599 0.486972 0.486972 0.486972
5404.902344 0.000000 337.932526 0.000000 1.000000 0.000000 -0.000976 0.700264 0.700264 0.700264
5401.595703 0.000000 322.994690 0.000000 0.742552 0.000000 0.669789 0.571741 0.571741 0.571741
5404.672852 0.000000 336.569489 0.000000 0.776663 0.000000 -0.629917 0.884587 0.884587 0.884587
5390.974121 0.000000 326.166473 0.000000 0.993639 0.000000 -0.112614 0.723666 0.723666 0.723666
5404.090332 0.000000 340.358917 0.000000 0.183959 0.000000 -0.982934 1.087484 1.087484 1.087484
5406.111816 0.000000 338.544373 0.000000 0.891675 0.000000 -0.452677 0.842846 0.842846 0.842846
5379.347656 0.000000 322.491821 0.000000 0.965828 0.000000 0.259184 0.625317 0.625317 0.625317
5399.800293 0.000000 322.497833 0.000000 0.102242 0.000000 -0.994760 1.236317 1.236317 1.236317
5399.019531 0.000000 323.813354 0.000000 0.656781 0.000000 -0.754082 1.012012 1.012012 1.012012
5391.129883 0.000000 324.688843 0.000000 0.709404 0.000000 -0.704802 1.006177 1.006177 1.006177
5388.793457 0.000000 325.766418 0.000000 0.981563 0.000000 0.191141 0.633116 0.633116 0.633116
5403.899414 0.000000 338.694366 0.000000 0.272748 0.000000 -0.962086 1.046137 1.046137 1.046137
5393.936523 0.000000 348.383575 0.000000 0.908995 0.000000 -0.416808 0.851019 0.851019 0.851019
5390.756348 0.000000 322.288330 0.000000 0.651240 0.000000 -0.758872 0.879176 0.879176 0.879176
5380.104004 0.000000 328.390137 0.000000 0.253104 0.000000 -0.967439 1.240010 1.240010 1.240010
5377.149414 0.000000 354.465759 0.000000 0.906617 0.000000 0.421956 0.566020 0.566020 0.566020
5399.831543 0.000000 324.778809 0.000000 0.619993 0.000000 -0.784607 1.004251 1.004251 1.004251
5377.692871 0.000000 355.530823 0.000000 0.387942 0.000000 0.921684 0.339400 0.339400 0.339400
5393.288086 0.000000 349.245239 0.000000 0.293431 0.000000 -0.955980 1.147153 1.147153 1.147153
5375.680176 0.000000 357.669342 0.000000 0.659763 0.000000 0.751474 0.469676 0.469676 0.469676
5405.281738 0.000000 340.659241 0.000000 0.931660 0.000000 0.363332 0.596028 0.596028 0.596028
5389.487793 0.000000 324.151367 0.000000 0.918792 0.000000 -0.394742 0.841120 0.841120 0.841120
5398.042480 0.000000 323.529236 0.000000 0.348902 0.000000 0.937159 0.256447 0.256447 0.256447
5334.325684 0.000000 991.197510 0.000000 0.802909 0.000000 0.596102 0.692187 0.692187 0.692187
5327.557617 0.000000 986.353210 0.000000 0.537748 0.000000 -0.843106 0.705259 0.705259 0.705259
5342.050781 0.000000 1008.432739 0.000000 0.801566 0.000000 0.597906 0.667520 0.667520 0.667520
5316.604980 0.000000 997.797791 0.000000 0.022771 0.000000 0.999741 0.667536 0.667536 0.667536
5337.056641 0.000000 1015.557495 0.000000 0.840588 0.000000 0.541676 0.682994 0.682994 0.682994
5314.114258 0.000000 989.307800 0.000000 0.517277 0.000000 -0.855818 0.775390 0.775390 0.775390
5331.228027 0.000000 981.244446 0.000000 0.938162 0.000000 0.346197 0.692586 0.692586 0.692586
5345.785156 0.000000 1011.760498 0.000000 0.472545 0.000000 -0.881307 0.716965 0.716965 0.716965
5323.958008 0.000000 989.399414 0.000000 0.631409 0.000000 0.775450 0.636415 0.636415 0.636415
5340.062500 0.000000 1018.462463 0.000000 0.978271 0.000000 -0.207331 0.704380 0.704380 0.704380
5314.632812 0.000000 965.637024 0.000000 0.057599 0.000000 -0.998340 0.813709 0.813709 0.813709
5316.840332 0.000000 978.088013 0.000000 0.454504 0.000000 0.890745 0.655827 0.655827 0.655827
5319.789551 0.000000 999.691223 0.000000 0.999738 0.000000 0.022877 0.698960 0.698960 0.698960
5346.259766 0.000000 1015.462524 0.000000 0.626009 0.000000 -0.779816 0.773460 0.773460 0.773460
5317.239746 0.000000 967.661011 0.000000 0.635163 0.000000 -0.772378 0.732390 0.732390 0.732390
5319.354004 0.000000 985.887329 0.000000 0.027547 0.000000 0.999620 0.597516 0.597516 0.597516
5342.212402 0.000000 1020.735413 0.000000 0.590281 0.000000 0.807198 0.645825 0.645825 0.645825
5314.160156 0.000000 999.707886 0.000000 0.264613 0.000000 0.964355 0.545158 0.545158 0.545158
5330.189453 0.000000 984.656494 0.000000 0.937960 0.000000 -0.346743 0.731559 0.731559 0.731559
5333.597168 0.000000 982.967346 0.000000 0.584774 0.000000 0.811196 0.653700 0.653700 0.653700
5337.020020 0.000000 1012.456848 0.000000 0.377579 0.000000 -0.925977 0.753780 0.753780 0.753780
5327.323242 0.000000 989.895264 0.000000 0.936815 0.000000 -0.349824 0.721859 0.721859 0.721859
5321.869141 0.000000 987.602234 0.000000 0.163090 0.000000 -0.986611 0.813105 0.813105 0.813105
5317.281250 0.000000 990.502808 0.000000 0.045668 0.000000 0.998957 0.604051 0.604051 0.604051
5339.626953 0.000000 1014.785828 0.000000 0.909017 0.000000 -0.416758 0.725542 0.725542 0.725542
5325.159180 0.000000 991.284485 0.000000 0.455878 0.000000 0.890042 0.609860 0.609860 0.609860
5328.657715 0.000000 988.235229 0.000000 0.805945 0.000000 0.591991 0.635786 0.635786 0.635786
5325.856934 0.000000 988.404419 0.000000 0.948470 0.000000 0.316868 0.657177 0.657177 0.657177
5331.579590 0.000000 983.109375 0.000000 0.841964 0.000000 0.539533 0.650204 0.650204 0.650204
5315.919434 0.000000 999.501709 0.000000 0.393321 0.000000 0.919401 0.561372 0.561372 0.561372
5327.719727 0.000000 991.418884 0.000000 0.999565 0.000000 0.029502 0.695204 0.695204 0.695204
4726.125977 0.000000 1098.998169 0.000000 0.655178 0.000000 -0.755475 0.845170 0.845170 0.845170
4721.578613 0.000000 1095.663940 0.000000 0.103741 0.000000 0.994604 0.523120 0.523120 0.523120
4728.333984 0.000000 1099.374756 0.000000 0.717613 0.000000 0.696442 0.600367 0.600367 0.600367
4720.738281 0.000000 1096.896973 0.000000 0.146420 0.000000 0.989223 0.090368 0.090368 0.090368
4721.397949 0.000000 1097.797485 0.000000 0.536398 0.000000 0.843965 0.269858 0.269858 0.269858
4721.761719 0.000000 1096.880859 0.000000 0.967995 0.000000 0.250969 0.591384 0.591384 0.591384
4770.291504 0.000000 1069.421021 0.000000 0.184663 0.000000 0.982802 0.099711 0.099711 0.099711
4771.503418 0.000000 1068.904541 0.000000 0.804038 0.000000 0.594578 0.424036 0.424036 0.424036
4771.596191 0.000000 1069.982300 0.000000 0.575939 0.000000 0.817493 0.285216 0.285216 0.285216
4770.679199 0.000000 1068.688599 0.000000 0.982817 0.000000 -0.184585 0.780461 0.780461 0.780461
4755.298340 0.000000 1109.213257 0.000000 0.435194 0.000000 0.900337 0.641253 0.641253 0.641253
4779.787109 0.000000 1120.806763 0.000000 0.947307 0.000000 0.320326 0.604837 0.604837 0.604837
4757.667480 0.000000 1110.936157 0.000000 0.817849 0.000000 -0.575433 0.817865 0.817865 0.817865
4779.019043 0.000000 1118.382202 0.000000 0.835709 0.000000 0.549172 0.652248 0.652248 0.652248
4777.622559 0.000000 1120.121948 0.000000 0.984504 0.000000 0.175362 0.680901 0.680901 0.680901
4755.649902 0.000000 1111.078125 0.000000 0.531168 0.000000 0.847267 0.602843 0.602843 0.602843
4757.111816 0.000000 1109.242310 0.000000 0.998171 0.000000 -0.060460 0.706343 0.706343 0.706343
4778.208984 0.000000 1121.524170 0.000000 0.987412 0.000000 0.158167 0.653645 0.653645 0.653645
4767.044922 0.000000 1092.833008 0.000000 0.756572 0.000000 0.653911 0.462095 0.462095 0.462095
4779.500977 0.000000 1121.922119 0.000000 0.483777 0.000000 -0.875192 1.011059 1.011059 1.011059
4766.793945 0.000000 1093.907471 0.000000 0.825596 0.000000 0.564262 0.499881 0.499881 0.499881
4766.101074 0.000000 1093.225708 0.000000 0.231112 0.000000 0.972927 0.253532 0.253532 0.253532
4827.781738 0.000000 1095.399048 0.000000 0.495681 0.000000 0.868504 0.690806 0.690806 0.690806
4819.053223 0.000000 1096.757935 0.000000 0.449612 0.000000 0.893224 0.694210 0.694210 0.694210
4830.348145 0.000000 1115.993774 0.000000 0.461288 0.000000 -0.887250 0.722887 0.722887 0.722887
4828.187012 0.000000 1103.045166 0.000000 0.102778 0.000000 0.994704 0.676913 0.676913 0.676913
4828.984375 0.000000 1111.367554 0.000000 0.842444 0.000000 -0.538784 0.717898 0.717898 0.717898
4832.500977 0.000000 1119.993774 0.000000 0.522875 0.000000 0.852409 0.648277 0.648277 0.648277
4847.588379 0.000000 1127.183105 0.000000 0.970001 0.000000 -0.243103 0.709012 0.709012 0.709012
4836.701172 0.000000 1116.774292 0.000000 0.954787 0.000000 0.297292 0.683119 0.683119 0.683119
4815.456543 0.000000 1095.290283 0.000000 0.955865 0.000000 0.293806 0.688535 0.688535 0.688535
4843.124023 0.000000 1106.411255 0.000000 0.564004 0.000000 0.825772 0.635480 0.635480 0.635480
4844.801758 0.000000 1134.128296 0.000000 0.428031 0.000000 -0.903764 0.745359 0.745359 0.745359
4820.791992 0.000000 1099.359985 0.000000 0.993327 0.000000 -0.115332 0.704646 0.704646 0.704646
4828.122070 0.000000 1114.035278 0.000000 0.890357 0.000000 0.455262 0.674393 0.674393 0.674393
4838.982910 0.000000 1115.795288 0.000000 0.667159 0.000000 -0.744916 0.744061 0.744061 0.744061
4836.805664 0.000000 1114.273193 0.000000 0.225882 0.000000 0.974155 0.624899 0.624899 0.624899
4818.727051 0.000000 1115.177856 0.000000 0.588475 0.000000 0.808516 0.652278 0.652278 0.652278
4837.408203 0.000000 1098.871216 0.000000 0.986612 0.000000 0.163083 0.689694 0.689694 0.689694
4828.195801 0.000000 1100.988647 0.000000 0.252549 0.000000 -0.967584 0.796554 0.796554 0.796554
4833.864258 0.000000 1103.795410 0.000000 0.869394 0.000000 0.494120 0.646712 0.646712 0.646712
5043.604004 0.000000 1045.479248 0.000000 0.263214 0.000000 0.964737 0.640730 0.640730 0.640730
5336.367188 0.000000 1046.082153 0.000000 0.999997 0.000000 0.002534 0.699934 0.699934 0.699934
5331.228027 0.000000 1045.228882 0.000000 0.884094 0.000000 0.467310 0.652414 0.652414 0.652414
5324.950195 0.000000 1044.533447 0.000000 0.800319 0.000000 -0.599574 0.732586 0.732586 0.732586
5314.697266 0.000000 1036.812744 0.000000 0.333733 0.000000 0.942668 0.644088 0.644088 0.644088
5333.041504 0.000000 1045.257935 0.000000 0.940393 0.000000 -0.340090 0.732747 0.732747 0.732747
5178.559570 0.000000 1207.280029 0.000000 0.998474 0.000000 -0.055216 0.701159 0.701159 0.701159
5168.804199 0.000000 1196.224243 0.000000 0.971685 0.000000 -0.236279 0.708754 0.708754 0.708754
5167.995117 0.000000 1193.735474 0.000000 0.983301 0.000000 0.181987 0.691685 0.691685 0.691685
5211.872070 0.000000 1214.692017 0.000000 0.256652 0.000000 0.966504 0.679376 0.679376 0.679376
5191.624512 0.000000 1195.211182 0.000000 0.519113 0.000000 -0.854706 0.728660 0.728660 0.728660
5193.729492 0.000000 1213.416626 0.000000 0.884978 0.000000 -0.465633 0.716082 0.716082 0.716082
5188.636230 0.000000 1193.392944 0.000000 0.999977 0.000000 0.006761 0.699775 0.699775 0.699775
5186.175781 0.000000 1191.661011 0.000000 0.927731 0.000000 0.373249 0.685962 0.685962 0.685962
5189.423340 0.000000 1173.159180 0.000000 0.946638 0.000000 -0.322298 0.713763 0.713763 0.713763
5189.112793 0.000000 1187.099365 0.000000 0.839093 0.000000 -0.543988 0.733171 0.733171 0.733171
5197.174805 0.000000 1183.237549 0.000000 0.998893 0.000000 -0.047034 0.702713 0.702713 0.702713
5190.860840 0.000000 1193.385864 0.000000 0.318412 0.000000 0.947952 0.582345 0.582345 0.582345
5191.451660 0.000000 1217.041016 0.000000 0.859004 0.000000 0.511968 0.671822 0.671822 0.671822
5197.774902 0.000000 1217.271118 0.000000 0.593196 0.000000 0.805058 0.636222 0.636222 0.636222
5302.731445 0.000000 1300.213745 0.000000 0.345506 0.000000 0.938417 0.670200 0.670200 0.670200
5278.058594 0.000000 1328.354614 0.000000 0.000492 0.000000 -1.000000 0.809770 0.809770 0.809770
5293.932617 0.000000 1297.018311 0.000000 0.880588 0.000000 0.473884 0.673254 0.673254 0.673254
5281.792969 0.000000 1331.682373 0.000000 0.854294 0.000000 -0.519790 0.721015 0.721015 0.721015
5274.305664 0.000000 1329.188721 0.000000 0.329236 0.000000 -0.944248 0.738858 0.738858 0.738858
5291.599121 0.000000 1295.222656 0.000000 0.967232 0.000000 0.253894 0.686990 0.686990 0.686990
5307.887207 0.000000 1298.329224 0.000000 0.336847 0.000000 0.941559 0.597055 0.597055 0.597055
5268.518555 0.000000 1326.238281 0.000000 0.742019 0.000000 0.670379 0.643505 0.643505 0.643505
5327.557617 0.000000 1306.275146 0.000000 0.721616 0.000000 0.692294 0.667929 0.667929 0.667929
5331.228027 0.000000 1301.166382 0.000000 0.889951 0.000000 -0.456057 0.722345 0.722345 0.722345
5340.977539 0.000000 1299.101685 0.000000 0.368656 0.000000 -0.929566 0.750047 0.750047 0.750047
5320.499023 0.000000 1296.885620 0.000000 0.009139 0.000000 0.999958 0.579918 0.579918 0.579918
5325.270020 0.000000 1297.272217 0.000000 0.829913 0.000000 -0.557892 0.726892 0.726892 0.726892
5328.393555 0.000000 1299.924927 0.000000 0.111164 0.000000 -0.993802 0.779063 0.779063 0.779063
5330.664551 0.000000 1307.130981 0.000000 0.869028 0.000000 -0.494763 0.741606 0.741606 0.741606
"}
